dorsal	mu_p	mu_b	total	name	label
1006	3323	1481	4804	BEBB	0
1011	3390	1466	4856	BEBB	0
1016	3420	1643	5063	BEBB	0
1022	3328	1509	4837	BEBB	0
1024	3394	1536	4930	BEBB	0
1025	3446	1674	5120	BEBB	0
1026	3464	1483	4947	BEBB	0
1035	3416	1598	5014	BEBB	0
1036	3340	1518	4858	BEBB	0
1040	3366	1539	4905	BEBB	0
1042	3301	1469	4770	BEBB	0
1043	3289	1457	4746	BEBB	0
1049	3242	1445	4687	BEBB	0
1055	3377	1604	4981	BEBB	0
1065	3392	1598	4990	BEBB	0
1066	3434	1679	5113	BEBB	0
1073	3478	1511	4989	BEBB	0
1077	3455	1657	5112	BEBB	0
1081	3365	1646	5011	BEBB	0
1085	3308	1510	4818	BEBB	0
1086	3249	1461	4710	BEBB	0
1088	3369	1640	5009	BEBB	0
1093	3302	1583	4885	BEBB	0
1096	3316	1469	4785	BEBB	0
1098	3407	1676	5083	BEBB	0
1100	3408	1661	5069	BEBB	0
1113	3349	1617	4966	BEBB	0
1114	3327	1651	4978	BEBB	0
1118	3348	1588	4936	BEBB	0
1130	3266	1473	4739	BEBB	0
1134	3443	1575	5018	BEBB	0
1136	3465	1626	5091	BEBB	0
1137	3402	1520	4922	BEBB	0
1142	3248	1600	4848	BEBB	0
1145	3394	1597	4991	BEBB	0
1146	3310	1534	4844	BEBB	0
1147	3452	1557	5009	BEBB	0
1151	3344	1608	4952	BEBB	0
1152	3279	1503	4782	BEBB	0
1159	3243	1559	4802	BEBB	0
1160	3273	1522	4795	BEBB	0
1171	3334	1455	4789	BEBB	0
1173	3402	1633	5035	BEBB	0
1177	3352	1646	4998	BEBB	0
1178	3399	1674	5073	BEBB	0
1181	3258	1583	4841	BEBB	0
1183	3359	1599	4958	BEBB	0
1190	3374	1628	5002	BEBB	0
1193	3352	1491	4843	BEBB	0
1200	3366	1465	4831	BEBB	0
1206	3441	1637	5078	BEBB	0
1210	3240	1664	4904	BEBB	0
1214	3460	1526	4986	BEBB	0
1215	3470	1637	5107	BEBB	0
1216	3351	1481	4832	BEBB	0
1217	3379	1520	4899	BEBB	0
1218	3246	1584	4830	BEBB	0
1223	3384	1667	5051	BEBB	0
1226	3261	1644	4905	BEBB	0
1230	3368	1486	4854	BEBB	0
1233	3310	1614	4924	BEBB	0
1240	3407	1454	4861	BEBB	0
1242	3461	1668	5129	BEBB	0
1247	3347	1658	5005	BEBB	0
1248	3270	1601	4871	BEBB	0
1249	3345	1590	4935	BEBB	0
1250	3245	1524	4769	BEBB	0
1254	3393	1490	4883	BEBB	0
1264	3410	1540	4950	BEBB	0
1267	3431	1541	4972	BEBB	0
1271	3469	1642	5111	BEBB	0
1272	3467	1592	5059	BEBB	0
1276	3431	1579	5010	BEBB	0
1278	3279	1618	4897	BEBB	0
1279	3396	1534	4930	BEBB	0
1289	3464	1606	5070	BEBB	0
1291	3309	1510	4819	BEBB	0
1295	3288	1461	4749	BEBB	0
1297	3373	1516	4889	BEBB	0
1299	3328	1671	4999	BEBB	0
1303	3431	1463	4894	BEBB	0
1304	3391	1651	5042	BEBB	0
1305	3386	1468	4854	BEBB	0
1308	3303	1594	4897	BEBB	0
1309	3408	1650	5058	BEBB	0
1311	3443	1500	4943	BEBB	0
1314	3463	1643	5106	BEBB	0
1316	3271	1512	4783	BEBB	0
1319	3380	1482	4862	BEBB	0
1321	3397	1535	4932	BEBB	0
1323	3387	1515	4902	BEBB	0
1330	3259	1540	4799	BEBB	0
1335	3321	1489	4810	BEBB	0
1342	3357	1526	4883	BEBB	0
1345	3445	1470	4915	BEBB	0
1346	3455	1610	5065	BEBB	0
1353	3412	1452	4864	BEBB	0
1354	3387	1622	5009	BEBB	0
1360	3293	1619	4912	BEBB	0
1361	3302	1481	4783	BEBB	0
1371	3305	1611	4916	BEBB	0
1376	3432	1536	4968	BEBB	0
1378	3446	1597	5043	BEBB	0
1380	3470	1609	5079	BEBB	0
1381	3440	1664	5104	BEBB	0
1384	3324	1647	4971	BEBB	0
1390	3376	1619	4995	BEBB	0
1394	3248	1442	4690	BEBB	0
1395	3340	1613	4953	BEBB	0
1401	3347	1505	4852	BEBB	0
1403	3412	1553	4965	BEBB	0
1405	3287	1636	4923	BEBB	0
1406	3240	1629	4869	BEBB	0
1409	3389	1564	4953	BEBB	0
1411	3402	1504	4906	BEBB	0
1418	3444	1562	5006	BEBB	0
1428	3412	1555	4967	BEBB	0
1430	3251	1557	4808	BEBB	0
1433	3426	1459	4885	BEBB	0
1434	3400	1502	4902	BEBB	0
1435	3469	1657	5126	BEBB	0
1441	3275	1593	4868	BEBB	0
1447	3289	1645	4934	BEBB	0
1449	3279	1536	4815	BEBB	0
1450	3313	1604	4917	BEBB	0
1451	3334	1611	4945	BEBB	0
1453	3381	1482	4863	BEBB	0
1457	3250	1669	4919	BEBB	0
1460	3281	1630	4911	BEBB	0
1475	3344	1643	4987	BEBB	0
1481	3459	1568	5027	BEBB	0
1483	3433	1507	4940	BEBB	0
1487	3336	1585	4921	BEBB	0
1489	3302	1465	4767	BEBB	0
1495	3387	1655	5042	BEBB	0
1500	3459	1495	4954	BEBB	0
1511	3260	1485	4745	BEBB	0
1512	3458	1515	4973	BEBB	0
1529	3479	1561	5040	BEBB	0
1530	3427	1496	4923	BEBB	0
1531	3278	1468	4746	BEBB	0
1536	3451	1560	5011	BEBB	0
1540	3395	1579	4974	BEBB	0
1544	3267	1523	4790	BEBB	0
1548	3479	1540	5019	BEBB	0
1551	3335	1537	4872	BEBB	0
1552	3408	1469	4877	BEBB	0
1558	3462	1443	4905	BEBB	0
1563	3270	1633	4903	BEBB	0
1566	3348	1577	4925	BEBB	0
1567	3429	1444	4873	BEBB	0
1569	3363	1498	4861	BEBB	0
1571	3413	1591	5004	BEBB	0
1575	3242	1527	4769	BEBB	0
1578	3300	1534	4834	BEBB	0
1580	3352	1449	4801	BEBB	0
1583	3298	1664	4962	BEBB	0
1586	3331	1546	4877	BEBB	0
1588	3358	1455	4813	BEBB	0
1589	3328	1601	4929	BEBB	0
1595	3323	1581	4904	BEBB	0
1597	3316	1519	4835	BEBB	0
1599	3422	1645	5067	BEBB	0
1601	3417	1553	4970	BEBB	0
1607	3249	1535	4784	BEBB	0
1613	3356	1631	4987	BEBB	0
1628	3273	1648	4921	BEBB	0
1632	3294	1613	4907	BEBB	0
1642	3334	1651	4985	BEBB	0
1646	3316	1670	4986	BEBB	0
1654	3383	1448	4831	BEBB	0
1659	3399	1513	4912	BEBB	0
1661	3478	1529	5007	BEBB	0
1665	3346	1497	4843	BEBB	0
1666	3298	1633	4931	BEBB	0
1667	3419	1454	4873	BEBB	0
1669	3294	1510	4804	BEBB	0
1671	3309	1623	4932	BEBB	0
1673	3361	1543	4904	BEBB	0
1674	3422	1530	4952	BEBB	0
1679	3392	1465	4857	BEBB	0
1684	3287	1587	4874	BEBB	0
1687	3415	1643	5058	BEBB	0
1688	3426	1514	4940	BEBB	0
1689	3250	1524	4774	BEBB	0
1696	3398	1514	4912	BEBB	0
1697	3324	1663	4987	BEBB	0
1702	3291	1636	4927	BEBB	0
1711	3377	1558	4935	BEBB	0
1724	3443	1645	5088	BEBB	0
1728	3384	1542	4926	BEBB	0
1733	3264	1662	4926	BEBB	0
1742	3388	1462	4850	BEBB	0
1747	3325	1568	4893	BEBB	0
1749	3260	1487	4747	BEBB	0
1750	3334	1493	4827	BEBB	0
1757	3361	1475	4836	BEBB	0
1764	3414	1450	4864	BEBB	0
1766	3317	1600	4917	BEBB	0
1769	3476	1597	5073	BEBB	0
1772	3257	1601	4858	BEBB	0
1773	3296	1655	4951	BEBB	0
1774	3412	1454	4866	BEBB	0
1776	3469	1556	5025	BEBB	0
1778	3254	1578	4832	BEBB	0
1780	3282	1450	4732	BEBB	0
1785	3283	1586	4869	BEBB	0
1797	3384	1562	4946	BEBB	0
1799	3266	1605	4871	BEBB	0
1800	3291	1556	4847	BEBB	0
1801	3337	1472	4809	BEBB	0
1806	3314	1529	4843	BEBB	0
1813	3331	1486	4817	BEBB	0
1815	3436	1582	5018	BEBB	0
1816	3383	1588	4971	BEBB	0
1818	3283	1509	4792	BEBB	0
1821	3262	1501	4763	BEBB	0
1829	3284	1558	4842	BEBB	0
1830	3446	1523	4969	BEBB	0
1837	3422	1487	4909	BEBB	0
1843	3261	1541	4802	BEBB	0
1848	3452	1496	4948	BEBB	0
1849	3280	1543	4823	BEBB	0
1850	3367	1451	4818	BEBB	0
1852	3286	1487	4773	BEBB	0
1853	3462	1551	5013	BEBB	0
1856	3262	1658	4920	BEBB	0
1857	3470	1606	5076	BEBB	0
1865	3377	1663	5040	BEBB	0
1874	3246	1512	4758	BEBB	0
1876	3443	1521	4964	BEBB	0
1884	3410	1588	4998	BEBB	0
1885	3353	1526	4879	BEBB	0
1888	3414	1583	4997	BEBB	0
1892	3356	1465	4821	BEBB	0
1895	3286	1465	4751	BEBB	0
1896	3274	1628	4902	BEBB	0
1898	3426	1627	5053	BEBB	0
1907	3400	1511	4911	BEBB	0
1908	3373	1453	4826	BEBB	0
1911	3324	1596	4920	BEBB	0
1917	3299	1587	4886	BEBB	0
1919	3265	1675	4940	BEBB	0
1924	3266	1549	4815	BEBB	0
1947	3246	1490	4736	BEBB	0
1959	3377	1498	4875	BEBB	0
1962	3358	1588	4946	BEBB	0
1963	3308	1477	4785	BEBB	0
1964	3379	1591	4970	BEBB	0
1966	3405	1476	4881	BEBB	0
1967	3329	1518	4847	BEBB	0
1968	3417	1513	4930	BEBB	0
1969	3399	1519	4918	BEBB	0
1970	3372	1598	4970	BEBB	0
1972	3390	1518	4908	BEBB	0
1974	3418	1448	4866	BEBB	0
